larva.num	time1	time2	event	temp	sym	left	right	replicate
1	0.5	1	3	0	0	0.5	1	1
2	1	2	3	0	0	1	2	1
3	3	5	3	0	0	3	5	1
4	3	NA	0	0	0	3	inf	1
5	3	NA	0	0	0	3	inf	1
6	14	NA	0	0	0	14	inf	1
7	14	NA	0	0	0	14	inf	1
8	14	NA	0	0	0	14	inf	1
9	14	NA	0	0	0	14	inf	1
10	14	NA	0	0	0	14	inf	1
11	14	NA	0	0	0	14	inf	1
12	14	NA	0	0	0	14	inf	1
13	14	NA	0	0	0	14	inf	1
14	14	NA	0	0	0	14	inf	1
15	14	NA	0	0	0	14	inf	1
16	14	NA	0	0	0	14	inf	1
17	14	NA	0	0	0	14	inf	1
18	14	NA	0	0	0	14	inf	1
19	14	NA	0	0	0	14	inf	1
20	14	NA	0	0	0	14	inf	1
21	14	NA	0	0	0	14	inf	1
22	14	NA	0	0	0	14	inf	1
23	14	NA	0	0	0	14	inf	1
24	14	NA	0	0	0	14	inf	1
25	14	NA	0	0	0	14	inf	1
26	14	NA	0	0	0	14	inf	1
27	14	NA	0	0	0	14	inf	1
28	14	NA	0	0	0	14	inf	1
29	14	NA	0	0	0	14	inf	1
30	14	NA	0	0	0	14	inf	1
31	14	NA	0	0	0	14	inf	1
32	14	NA	0	0	0	14	inf	1
33	14	NA	0	0	0	14	inf	1
34	14	NA	0	0	0	14	inf	1
35	14	NA	0	0	0	14	inf	1
36	14	NA	0	0	0	14	inf	1
37	14	NA	0	0	0	14	inf	1
38	14	NA	0	0	0	14	inf	1
39	14	NA	0	0	0	14	inf	1
40	14	NA	0	0	0	14	inf	1
41	14	NA	0	0	0	14	inf	1
42	14	NA	0	0	0	14	inf	1
43	14	NA	0	0	0	14	inf	1
44	14	NA	0	0	0	14	inf	1
45	14	NA	0	0	0	14	inf	1
46	14	NA	0	0	0	14	inf	1
47	14	NA	0	0	0	14	inf	1
48	14	NA	0	0	0	14	inf	1
49	14	NA	0	0	0	14	inf	1
50	14	NA	0	0	0	14	inf	1
51	14	NA	0	0	0	14	inf	1
52	14	NA	0	0	0	14	inf	1
53	14	NA	0	0	0	14	inf	1
54	7	14	3	0	0	7	14	2
55	7	14	3	0	0	7	14	2
56	7	14	3	0	0	7	14	2
57	14	NA	0	0	0	14	inf	2
58	14	NA	0	0	0	14	inf	2
59	14	NA	0	0	0	14	inf	2
60	14	NA	0	0	0	14	inf	2
61	14	NA	0	0	0	14	inf	2
62	14	NA	0	0	0	14	inf	2
63	14	NA	0	0	0	14	inf	2
64	14	NA	0	0	0	14	inf	2
65	14	NA	0	0	0	14	inf	2
66	14	NA	0	0	0	14	inf	2
67	14	NA	0	0	0	14	inf	2
68	14	NA	0	0	0	14	inf	2
69	14	NA	0	0	0	14	inf	2
70	14	NA	0	0	0	14	inf	2
71	14	NA	0	0	0	14	inf	2
72	14	NA	0	0	0	14	inf	2
73	14	NA	0	0	0	14	inf	2
74	14	NA	0	0	0	14	inf	2
75	14	NA	0	0	0	14	inf	2
76	14	NA	0	0	0	14	inf	2
77	14	NA	0	0	0	14	inf	2
78	14	NA	0	0	0	14	inf	2
79	14	NA	0	0	0	14	inf	2
80	14	NA	0	0	0	14	inf	2
81	14	NA	0	0	0	14	inf	2
82	14	NA	0	0	0	14	inf	2
83	14	NA	0	0	0	14	inf	2
84	14	NA	0	0	0	14	inf	2
85	14	NA	0	0	0	14	inf	2
86	14	NA	0	0	0	14	inf	2
87	14	NA	0	0	0	14	inf	2
88	14	NA	0	0	0	14	inf	2
89	14	NA	0	0	0	14	inf	2
90	14	NA	0	0	0	14	inf	2
91	14	NA	0	0	0	14	inf	2
92	14	NA	0	0	0	14	inf	2
93	14	NA	0	0	0	14	inf	2
94	14	NA	0	0	0	14	inf	2
95	14	NA	0	0	0	14	inf	2
96	14	NA	0	0	0	14	inf	2
97	14	NA	0	0	0	14	inf	2
98	14	NA	0	0	0	14	inf	2
99	14	NA	0	0	0	14	inf	2
100	14	NA	0	0	0	14	inf	2
101	14	NA	0	0	0	14	inf	2
102	14	NA	0	0	0	14	inf	2
103	14	NA	0	0	0	14	inf	2
104	14	NA	0	0	0	14	inf	2
105	NA	0.5	3	0	0	0	0.5	3
106	2	3	3	0	0	2	3	3
107	3	5	3	0	0	3	5	3
108	14	NA	0	0	0	14	inf	3
109	14	NA	0	0	0	14	inf	3
110	14	NA	0	0	0	14	inf	3
111	14	NA	0	0	0	14	inf	3
112	14	NA	0	0	0	14	inf	3
113	14	NA	0	0	0	14	inf	3
114	14	NA	0	0	0	14	inf	3
115	14	NA	0	0	0	14	inf	3
116	14	NA	0	0	0	14	inf	3
117	14	NA	0	0	0	14	inf	3
118	14	NA	0	0	0	14	inf	3
119	14	NA	0	0	0	14	inf	3
120	14	NA	0	0	0	14	inf	3
121	14	NA	0	0	0	14	inf	3
122	14	NA	0	0	0	14	inf	3
123	14	NA	0	0	0	14	inf	3
124	14	NA	0	0	0	14	inf	3
125	14	NA	0	0	0	14	inf	3
126	14	NA	0	0	0	14	inf	3
127	14	NA	0	0	0	14	inf	3
128	14	NA	0	0	0	14	inf	3
129	14	NA	0	0	0	14	inf	3
130	14	NA	0	0	0	14	inf	3
131	14	NA	0	0	0	14	inf	3
132	14	NA	0	0	0	14	inf	3
133	14	NA	0	0	0	14	inf	3
134	14	NA	0	0	0	14	inf	3
135	14	NA	0	0	0	14	inf	3
136	14	NA	0	0	0	14	inf	3
137	14	NA	0	0	0	14	inf	3
138	14	NA	0	0	0	14	inf	3
139	14	NA	0	0	0	14	inf	3
140	14	NA	0	0	0	14	inf	3
141	14	NA	0	0	0	14	inf	3
142	14	NA	0	0	0	14	inf	3
143	14	NA	0	0	0	14	inf	3
144	14	NA	0	0	0	14	inf	3
145	14	NA	0	0	0	14	inf	3
146	14	NA	0	0	0	14	inf	3
147	14	NA	0	0	0	14	inf	3
148	14	NA	0	0	0	14	inf	3
149	14	NA	0	0	0	14	inf	3
150	14	NA	0	0	0	14	inf	3
151	14	NA	0	0	0	14	inf	3
152	14	NA	0	0	0	14	inf	3
153	14	NA	0	0	0	14	inf	3
154	14	NA	0	0	0	14	inf	3
155	0.5	1	3	0	0	0.5	1	4
156	0.5	1	3	0	0	0.5	1	4
157	2	3	3	0	0	2	3	4
158	5	7	3	0	0	5	7	4
159	7	NA	0	0	0	7	inf	4
160	7	NA	0	0	0	7	inf	4
161	7	NA	0	0	0	7	inf	4
162	14	NA	0	0	0	14	inf	4
163	14	NA	0	0	0	14	inf	4
164	14	NA	0	0	0	14	inf	4
165	14	NA	0	0	0	14	inf	4
166	14	NA	0	0	0	14	inf	4
167	14	NA	0	0	0	14	inf	4
168	14	NA	0	0	0	14	inf	4
169	14	NA	0	0	0	14	inf	4
170	14	NA	0	0	0	14	inf	4
171	14	NA	0	0	0	14	inf	4
172	14	NA	0	0	0	14	inf	4
173	14	NA	0	0	0	14	inf	4
174	14	NA	0	0	0	14	inf	4
175	14	NA	0	0	0	14	inf	4
176	14	NA	0	0	0	14	inf	4
177	14	NA	0	0	0	14	inf	4
178	14	NA	0	0	0	14	inf	4
179	14	NA	0	0	0	14	inf	4
180	14	NA	0	0	0	14	inf	4
181	14	NA	0	0	0	14	inf	4
182	14	NA	0	0	0	14	inf	4
183	14	NA	0	0	0	14	inf	4
184	14	NA	0	0	0	14	inf	4
185	14	NA	0	0	0	14	inf	4
186	14	NA	0	0	0	14	inf	4
187	14	NA	0	0	0	14	inf	4
188	14	NA	0	0	0	14	inf	4
189	14	NA	0	0	0	14	inf	4
190	14	NA	0	0	0	14	inf	4
191	14	NA	0	0	0	14	inf	4
192	14	NA	0	0	0	14	inf	4
193	14	NA	0	0	0	14	inf	4
194	14	NA	0	0	0	14	inf	4
195	14	NA	0	0	0	14	inf	4
196	14	NA	0	0	0	14	inf	4
197	14	NA	0	0	0	14	inf	4
198	14	NA	0	0	0	14	inf	4
199	14	NA	0	0	0	14	inf	4
200	14	NA	0	0	0	14	inf	4
201	14	NA	0	0	0	14	inf	4
202	14	NA	0	0	0	14	inf	4
203	14	NA	0	0	0	14	inf	4
204	14	NA	0	0	0	14	inf	4
205	NA	0.5	3	0	0	0	0.5	5
206	1	2	3	0	0	1	2	5
207	2	3	3	0	0	2	3	5
208	7	14	3	0	0	7	14	5
209	14	NA	0	0	0	14	inf	5
210	14	NA	0	0	0	14	inf	5
211	14	NA	0	0	0	14	inf	5
212	14	NA	0	0	0	14	inf	5
213	14	NA	0	0	0	14	inf	5
214	14	NA	0	0	0	14	inf	5
215	14	NA	0	0	0	14	inf	5
216	14	NA	0	0	0	14	inf	5
217	14	NA	0	0	0	14	inf	5
218	14	NA	0	0	0	14	inf	5
219	14	NA	0	0	0	14	inf	5
220	14	NA	0	0	0	14	inf	5
221	14	NA	0	0	0	14	inf	5
222	14	NA	0	0	0	14	inf	5
223	14	NA	0	0	0	14	inf	5
224	14	NA	0	0	0	14	inf	5
225	14	NA	0	0	0	14	inf	5
226	14	NA	0	0	0	14	inf	5
227	14	NA	0	0	0	14	inf	5
228	14	NA	0	0	0	14	inf	5
229	14	NA	0	0	0	14	inf	5
230	14	NA	0	0	0	14	inf	5
231	14	NA	0	0	0	14	inf	5
232	14	NA	0	0	0	14	inf	5
233	14	NA	0	0	0	14	inf	5
234	14	NA	0	0	0	14	inf	5
235	14	NA	0	0	0	14	inf	5
236	14	NA	0	0	0	14	inf	5
237	14	NA	0	0	0	14	inf	5
238	14	NA	0	0	0	14	inf	5
239	14	NA	0	0	0	14	inf	5
240	14	NA	0	0	0	14	inf	5
241	14	NA	0	0	0	14	inf	5
242	14	NA	0	0	0	14	inf	5
243	14	NA	0	0	0	14	inf	5
244	14	NA	0	0	0	14	inf	5
245	14	NA	0	0	0	14	inf	5
246	14	NA	0	0	0	14	inf	5
247	14	NA	0	0	0	14	inf	5
248	14	NA	0	0	0	14	inf	5
249	14	NA	0	0	0	14	inf	5
250	14	NA	0	0	0	14	inf	5
251	14	NA	0	0	0	14	inf	5
252	14	NA	0	0	0	14	inf	5
253	14	NA	0	0	0	14	inf	5
254	14	NA	0	0	0	14	inf	6
255	0.5	1	3	0	0	0.5	1	6
256	0.5	1	3	0	0	0.5	1	6
257	3	5	3	0	0	3	5	6
258	5	7	3	0	0	5	7	6
259	7	14	3	0	0	7	14	6
260	14	NA	0	0	0	14	inf	6
261	14	NA	0	0	0	14	inf	6
262	14	NA	0	0	0	14	inf	6
263	14	NA	0	0	0	14	inf	6
264	14	NA	0	0	0	14	inf	6
265	14	NA	0	0	0	14	inf	6
266	14	NA	0	0	0	14	inf	6
267	14	NA	0	0	0	14	inf	6
268	14	NA	0	0	0	14	inf	6
269	14	NA	0	0	0	14	inf	6
270	14	NA	0	0	0	14	inf	6
271	14	NA	0	0	0	14	inf	6
272	14	NA	0	0	0	14	inf	6
273	14	NA	0	0	0	14	inf	6
274	14	NA	0	0	0	14	inf	6
275	14	NA	0	0	0	14	inf	6
276	14	NA	0	0	0	14	inf	6
277	14	NA	0	0	0	14	inf	6
278	14	NA	0	0	0	14	inf	6
279	14	NA	0	0	0	14	inf	6
280	14	NA	0	0	0	14	inf	6
281	14	NA	0	0	0	14	inf	6
282	14	NA	0	0	0	14	inf	6
283	14	NA	0	0	0	14	inf	6
284	14	NA	0	0	0	14	inf	6
285	14	NA	0	0	0	14	inf	6
286	14	NA	0	0	0	14	inf	6
287	14	NA	0	0	0	14	inf	6
288	14	NA	0	0	0	14	inf	6
289	14	NA	0	0	0	14	inf	6
290	14	NA	0	0	0	14	inf	6
291	14	NA	0	0	0	14	inf	6
292	14	NA	0	0	0	14	inf	6
293	14	NA	0	0	0	14	inf	6
294	14	NA	0	0	0	14	inf	6
295	14	NA	0	0	0	14	inf	6
296	14	NA	0	0	0	14	inf	6
297	14	NA	0	0	0	14	inf	6
298	14	NA	0	0	0	14	inf	6
299	14	NA	0	0	0	14	inf	6
300	14	NA	0	0	0	14	inf	6
301	14	NA	0	0	0	14	inf	6
302	14	NA	0	0	0	14	inf	6
303	14	NA	0	0	0	14	inf	6
304	14	NA	0	0	0	14	inf	6
305	14	NA	0	0	0	14	inf	6
306	14	NA	0	0	0	14	inf	6
307	NA	0.5	3	1	0	0	0.5	7
308	NA	0.5	3	1	0	0	0.5	7
309	NA	0.5	3	1	0	0	0.5	7
310	1	2	3	1	0	1	2	7
311	2	3	3	1	0	2	3	7
312	7	14	3	1	0	7	14	7
313	7	14	3	1	0	7	14	7
314	7	NA	0	1	0	7	inf	7
315	14	NA	0	1	0	14	inf	7
316	14	NA	0	1	0	14	inf	7
317	14	NA	0	1	0	14	inf	7
318	14	NA	0	1	0	14	inf	7
319	14	NA	0	1	0	14	inf	7
320	14	NA	0	1	0	14	inf	7
321	14	NA	0	1	0	14	inf	7
322	14	NA	0	1	0	14	inf	7
323	14	NA	0	1	0	14	inf	7
324	14	NA	0	1	0	14	inf	7
325	14	NA	0	1	0	14	inf	7
326	14	NA	0	1	0	14	inf	7
327	14	NA	0	1	0	14	inf	7
328	14	NA	0	1	0	14	inf	7
329	14	NA	0	1	0	14	inf	7
330	14	NA	0	1	0	14	inf	7
331	14	NA	0	1	0	14	inf	7
332	14	NA	0	1	0	14	inf	7
333	14	NA	0	1	0	14	inf	7
334	14	NA	0	1	0	14	inf	7
335	14	NA	0	1	0	14	inf	7
336	14	NA	0	1	0	14	inf	7
337	14	NA	0	1	0	14	inf	7
338	14	NA	0	1	0	14	inf	7
339	14	NA	0	1	0	14	inf	7
340	14	NA	0	1	0	14	inf	7
341	14	NA	0	1	0	14	inf	7
342	14	NA	0	1	0	14	inf	7
343	14	NA	0	1	0	14	inf	7
344	14	NA	0	1	0	14	inf	7
345	14	NA	0	1	0	14	inf	7
346	14	NA	0	1	0	14	inf	7
347	14	NA	0	1	0	14	inf	7
348	14	NA	0	1	0	14	inf	7
349	14	NA	0	1	0	14	inf	7
350	14	NA	0	1	0	14	inf	7
351	14	NA	0	1	0	14	inf	7
352	14	NA	0	1	0	14	inf	7
353	14	NA	0	1	0	14	inf	7
354	14	NA	0	1	0	14	inf	7
355	14	NA	0	1	0	14	inf	7
356	14	NA	0	1	0	14	inf	7
357	NA	0.5	3	1	0	0	0.5	8
358	1	2	3	1	0	1	2	8
359	1	2	3	1	0	1	2	8
360	2	3	3	1	0	2	3	8
361	2	3	3	1	0	2	3	8
362	3	5	3	1	0	3	5	8
363	3	5	3	1	0	3	5	8
364	5	7	3	1	0	5	7	8
365	7	14	3	1	0	7	14	8
366	7	14	3	1	0	7	14	8
367	7	14	3	1	0	7	14	8
368	7	14	3	1	0	7	14	8
369	14	NA	0	1	0	14	inf	8
370	14	NA	0	1	0	14	inf	8
371	14	NA	0	1	0	14	inf	8
372	14	NA	0	1	0	14	inf	8
373	14	NA	0	1	0	14	inf	8
374	14	NA	0	1	0	14	inf	8
375	14	NA	0	1	0	14	inf	8
376	14	NA	0	1	0	14	inf	8
377	14	NA	0	1	0	14	inf	8
378	14	NA	0	1	0	14	inf	8
379	14	NA	0	1	0	14	inf	8
380	14	NA	0	1	0	14	inf	8
381	14	NA	0	1	0	14	inf	8
382	14	NA	0	1	0	14	inf	8
383	14	NA	0	1	0	14	inf	8
384	14	NA	0	1	0	14	inf	8
385	14	NA	0	1	0	14	inf	8
386	14	NA	0	1	0	14	inf	8
387	14	NA	0	1	0	14	inf	8
388	14	NA	0	1	0	14	inf	8
389	14	NA	0	1	0	14	inf	8
390	14	NA	0	1	0	14	inf	8
391	14	NA	0	1	0	14	inf	8
392	14	NA	0	1	0	14	inf	8
393	14	NA	0	1	0	14	inf	8
394	14	NA	0	1	0	14	inf	8
395	14	NA	0	1	0	14	inf	8
396	14	NA	0	1	0	14	inf	8
397	14	NA	0	1	0	14	inf	8
398	14	NA	0	1	0	14	inf	8
399	14	NA	0	1	0	14	inf	8
400	14	NA	0	1	0	14	inf	8
401	14	NA	0	1	0	14	inf	8
402	14	NA	0	1	0	14	inf	8
403	14	NA	0	1	0	14	inf	8
404	14	NA	0	1	0	14	inf	8
405	14	NA	0	1	0	14	inf	8
406	14	NA	0	1	0	14	inf	8
407	NA	0.5	3	1	0	0	0.5	9
408	0.5	1	3	1	0	0.5	1	9
409	1	2	3	1	0	1	2	9
410	2	3	3	1	0	2	3	9
411	2	3	3	1	0	2	3	9
412	5	7	3	1	0	5	7	9
413	14	NA	0	1	0	14	inf	9
414	14	NA	0	1	0	14	inf	9
415	14	NA	0	1	0	14	inf	9
416	14	NA	0	1	0	14	inf	9
417	14	NA	0	1	0	14	inf	9
418	14	NA	0	1	0	14	inf	9
419	14	NA	0	1	0	14	inf	9
420	14	NA	0	1	0	14	inf	9
421	14	NA	0	1	0	14	inf	9
422	14	NA	0	1	0	14	inf	9
423	14	NA	0	1	0	14	inf	9
424	14	NA	0	1	0	14	inf	9
425	14	NA	0	1	0	14	inf	9
426	14	NA	0	1	0	14	inf	9
427	14	NA	0	1	0	14	inf	9
428	14	NA	0	1	0	14	inf	9
429	14	NA	0	1	0	14	inf	9
430	14	NA	0	1	0	14	inf	9
431	14	NA	0	1	0	14	inf	9
432	14	NA	0	1	0	14	inf	9
433	14	NA	0	1	0	14	inf	9
434	14	NA	0	1	0	14	inf	9
435	14	NA	0	1	0	14	inf	9
436	14	NA	0	1	0	14	inf	9
437	14	NA	0	1	0	14	inf	9
438	14	NA	0	1	0	14	inf	9
439	14	NA	0	1	0	14	inf	9
440	14	NA	0	1	0	14	inf	9
441	14	NA	0	1	0	14	inf	9
442	14	NA	0	1	0	14	inf	9
443	14	NA	0	1	0	14	inf	9
444	14	NA	0	1	0	14	inf	9
445	14	NA	0	1	0	14	inf	9
446	14	NA	0	1	0	14	inf	9
447	14	NA	0	1	0	14	inf	9
448	14	NA	0	1	0	14	inf	9
449	14	NA	0	1	0	14	inf	9
450	14	NA	0	1	0	14	inf	9
451	14	NA	0	1	0	14	inf	9
452	14	NA	0	1	0	14	inf	9
453	14	NA	0	1	0	14	inf	9
454	14	NA	0	1	0	14	inf	9
455	14	NA	0	1	0	14	inf	9
456	14	NA	0	1	0	14	inf	9
457	NA	0.5	3	1	0	0	0.5	10
458	NA	0.5	3	1	0	0	0.5	10
459	1	2	3	1	0	1	2	10
460	2	3	3	1	0	2	3	10
461	2	3	3	1	0	2	3	10
462	2	3	3	1	0	2	3	10
463	7	14	3	1	0	7	14	10
464	14	NA	0	1	0	14	inf	10
465	14	NA	0	1	0	14	inf	10
466	14	NA	0	1	0	14	inf	10
467	14	NA	0	1	0	14	inf	10
468	14	NA	0	1	0	14	inf	10
469	14	NA	0	1	0	14	inf	10
470	14	NA	0	1	0	14	inf	10
471	14	NA	0	1	0	14	inf	10
472	14	NA	0	1	0	14	inf	10
473	14	NA	0	1	0	14	inf	10
474	14	NA	0	1	0	14	inf	10
475	14	NA	0	1	0	14	inf	10
476	14	NA	0	1	0	14	inf	10
477	14	NA	0	1	0	14	inf	10
478	14	NA	0	1	0	14	inf	10
479	14	NA	0	1	0	14	inf	10
480	14	NA	0	1	0	14	inf	10
481	14	NA	0	1	0	14	inf	10
482	14	NA	0	1	0	14	inf	10
483	14	NA	0	1	0	14	inf	10
484	14	NA	0	1	0	14	inf	10
485	14	NA	0	1	0	14	inf	10
486	14	NA	0	1	0	14	inf	10
487	14	NA	0	1	0	14	inf	10
488	14	NA	0	1	0	14	inf	10
489	14	NA	0	1	0	14	inf	10
490	14	NA	0	1	0	14	inf	10
491	14	NA	0	1	0	14	inf	10
492	14	NA	0	1	0	14	inf	10
493	14	NA	0	1	0	14	inf	10
494	14	NA	0	1	0	14	inf	10
495	14	NA	0	1	0	14	inf	10
496	14	NA	0	1	0	14	inf	10
497	14	NA	0	1	0	14	inf	10
498	14	NA	0	1	0	14	inf	10
499	14	NA	0	1	0	14	inf	10
500	14	NA	0	1	0	14	inf	10
501	14	NA	0	1	0	14	inf	10
502	14	NA	0	1	0	14	inf	10
503	14	NA	0	1	0	14	inf	10
504	14	NA	0	1	0	14	inf	10
505	14	NA	0	1	0	14	inf	10
506	14	NA	0	1	0	14	inf	10
507	5	7	3	1	0	5	7	11
508	7	14	3	1	0	7	14	11
509	7	14	3	1	0	7	14	11
510	14	NA	0	1	0	14	inf	11
511	14	NA	0	1	0	14	inf	11
512	14	NA	0	1	0	14	inf	11
513	14	NA	0	1	0	14	inf	11
514	14	NA	0	1	0	14	inf	11
515	14	NA	0	1	0	14	inf	11
516	14	NA	0	1	0	14	inf	11
517	14	NA	0	1	0	14	inf	11
518	14	NA	0	1	0	14	inf	11
519	14	NA	0	1	0	14	inf	11
520	14	NA	0	1	0	14	inf	11
521	14	NA	0	1	0	14	inf	11
522	14	NA	0	1	0	14	inf	11
523	14	NA	0	1	0	14	inf	11
524	14	NA	0	1	0	14	inf	11
525	14	NA	0	1	0	14	inf	11
526	14	NA	0	1	0	14	inf	11
527	14	NA	0	1	0	14	inf	11
528	14	NA	0	1	0	14	inf	11
529	14	NA	0	1	0	14	inf	11
530	14	NA	0	1	0	14	inf	11
531	14	NA	0	1	0	14	inf	11
532	14	NA	0	1	0	14	inf	11
533	14	NA	0	1	0	14	inf	11
534	14	NA	0	1	0	14	inf	11
535	14	NA	0	1	0	14	inf	11
536	14	NA	0	1	0	14	inf	11
537	14	NA	0	1	0	14	inf	11
538	14	NA	0	1	0	14	inf	11
539	14	NA	0	1	0	14	inf	11
540	14	NA	0	1	0	14	inf	11
541	14	NA	0	1	0	14	inf	11
542	14	NA	0	1	0	14	inf	11
543	14	NA	0	1	0	14	inf	11
544	14	NA	0	1	0	14	inf	11
545	14	NA	0	1	0	14	inf	11
546	14	NA	0	1	0	14	inf	11
547	14	NA	0	1	0	14	inf	11
548	14	NA	0	1	0	14	inf	11
549	14	NA	0	1	0	14	inf	11
550	14	NA	0	1	0	14	inf	11
551	14	NA	0	1	0	14	inf	11
552	14	NA	0	1	0	14	inf	11
553	14	NA	0	1	0	14	inf	11
554	14	NA	0	1	0	14	inf	11
555	14	NA	0	1	0	14	inf	11
556	14	NA	0	1	0	14	inf	11
557	14	NA	0	1	0	14	inf	11
558	14	NA	0	1	0	14	inf	11
559	0.5	1	3	1	0	0.5	1	12
560	0.5	1	3	1	0	0.5	1	12
561	2	3	3	1	0	2	3	12
562	2	3	3	1	0	2	3	12
563	3	5	3	1	0	3	5	12
564	5	7	3	1	0	5	7	12
565	5	7	3	1	0	5	7	12
566	7	14	3	1	0	7	14	12
567	7	14	3	1	0	7	14	12
568	14	NA	0	1	0	14	inf	12
569	14	NA	0	1	0	14	inf	12
570	14	NA	0	1	0	14	inf	12
571	14	NA	0	1	0	14	inf	12
572	14	NA	0	1	0	14	inf	12
573	14	NA	0	1	0	14	inf	12
574	14	NA	0	1	0	14	inf	12
575	14	NA	0	1	0	14	inf	12
576	14	NA	0	1	0	14	inf	12
577	14	NA	0	1	0	14	inf	12
578	14	NA	0	1	0	14	inf	12
579	14	NA	0	1	0	14	inf	12
580	14	NA	0	1	0	14	inf	12
581	14	NA	0	1	0	14	inf	12
582	14	NA	0	1	0	14	inf	12
583	14	NA	0	1	0	14	inf	12
584	14	NA	0	1	0	14	inf	12
585	14	NA	0	1	0	14	inf	12
586	14	NA	0	1	0	14	inf	12
587	14	NA	0	1	0	14	inf	12
588	14	NA	0	1	0	14	inf	12
589	14	NA	0	1	0	14	inf	12
590	14	NA	0	1	0	14	inf	12
591	14	NA	0	1	0	14	inf	12
592	14	NA	0	1	0	14	inf	12
593	14	NA	0	1	0	14	inf	12
594	14	NA	0	1	0	14	inf	12
595	14	NA	0	1	0	14	inf	12
596	14	NA	0	1	0	14	inf	12
597	14	NA	0	1	0	14	inf	12
598	14	NA	0	1	0	14	inf	12
599	14	NA	0	1	0	14	inf	12
600	14	NA	0	1	0	14	inf	12
601	14	NA	0	1	0	14	inf	12
602	14	NA	0	1	0	14	inf	12
603	14	NA	0	1	0	14	inf	12
604	14	NA	0	1	0	14	inf	12
605	14	NA	0	1	0	14	inf	12
606	14	NA	0	1	0	14	inf	12
607	14	NA	0	1	0	14	inf	12
608	14	NA	0	1	0	14	inf	12
609	NA	0.5	3	0	1	0	0.5	13
610	NA	0.5	3	0	1	0	0.5	13
611	NA	0.5	3	0	1	0	0.5	13
612	2	3	3	0	1	2	3	13
613	7	14	3	0	1	7	14	13
614	7	14	3	0	1	7	14	13
615	7	14	3	0	1	7	14	13
616	7	14	3	0	1	7	14	13
617	14	NA	0	0	1	14	inf	13
618	14	NA	0	0	1	14	inf	13
619	14	NA	0	0	1	14	inf	13
620	14	NA	0	0	1	14	inf	13
621	14	NA	0	0	1	14	inf	13
622	14	NA	0	0	1	14	inf	13
623	14	NA	0	0	1	14	inf	13
624	14	NA	0	0	1	14	inf	13
625	14	NA	0	0	1	14	inf	13
626	14	NA	0	0	1	14	inf	13
627	14	NA	0	0	1	14	inf	13
628	14	NA	0	0	1	14	inf	13
629	14	NA	0	0	1	14	inf	13
630	14	NA	0	0	1	14	inf	13
631	14	NA	0	0	1	14	inf	13
632	14	NA	0	0	1	14	inf	13
633	14	NA	0	0	1	14	inf	13
634	14	NA	0	0	1	14	inf	13
635	14	NA	0	0	1	14	inf	13
636	14	NA	0	0	1	14	inf	13
637	14	NA	0	0	1	14	inf	13
638	14	NA	0	0	1	14	inf	13
639	14	NA	0	0	1	14	inf	13
640	14	NA	0	0	1	14	inf	13
641	14	NA	0	0	1	14	inf	13
642	14	NA	0	0	1	14	inf	13
643	14	NA	0	0	1	14	inf	13
644	14	NA	0	0	1	14	inf	13
645	14	NA	0	0	1	14	inf	13
646	14	NA	0	0	1	14	inf	13
647	14	NA	0	0	1	14	inf	13
648	14	NA	0	0	1	14	inf	13
649	14	NA	0	0	1	14	inf	13
650	14	NA	0	0	1	14	inf	13
651	14	NA	0	0	1	14	inf	13
652	14	NA	0	0	1	14	inf	13
653	14	NA	0	0	1	14	inf	13
654	14	NA	0	0	1	14	inf	13
655	14	NA	0	0	1	14	inf	13
656	14	NA	0	0	1	14	inf	13
657	14	NA	0	0	1	14	inf	13
658	14	NA	0	0	1	14	inf	13
659	NA	0.5	3	0	1	0	0.5	14
660	3	5	3	0	1	3	5	14
661	14	NA	0	0	1	14	inf	14
662	14	NA	0	0	1	14	inf	14
663	14	NA	0	0	1	14	inf	14
664	14	NA	0	0	1	14	inf	14
665	14	NA	0	0	1	14	inf	14
666	14	NA	0	0	1	14	inf	14
667	14	NA	0	0	1	14	inf	14
668	14	NA	0	0	1	14	inf	14
669	14	NA	0	0	1	14	inf	14
670	14	NA	0	0	1	14	inf	14
671	14	NA	0	0	1	14	inf	14
672	14	NA	0	0	1	14	inf	14
673	14	NA	0	0	1	14	inf	14
674	14	NA	0	0	1	14	inf	14
675	14	NA	0	0	1	14	inf	14
676	14	NA	0	0	1	14	inf	14
677	14	NA	0	0	1	14	inf	14
678	14	NA	0	0	1	14	inf	14
679	14	NA	0	0	1	14	inf	14
680	14	NA	0	0	1	14	inf	14
681	14	NA	0	0	1	14	inf	14
682	14	NA	0	0	1	14	inf	14
683	14	NA	0	0	1	14	inf	14
684	14	NA	0	0	1	14	inf	14
685	14	NA	0	0	1	14	inf	14
686	14	NA	0	0	1	14	inf	14
687	14	NA	0	0	1	14	inf	14
688	14	NA	0	0	1	14	inf	14
689	14	NA	0	0	1	14	inf	14
690	14	NA	0	0	1	14	inf	14
691	14	NA	0	0	1	14	inf	14
692	14	NA	0	0	1	14	inf	14
693	14	NA	0	0	1	14	inf	14
694	14	NA	0	0	1	14	inf	14
695	14	NA	0	0	1	14	inf	14
696	14	NA	0	0	1	14	inf	14
697	14	NA	0	0	1	14	inf	14
698	14	NA	0	0	1	14	inf	14
699	14	NA	0	0	1	14	inf	14
700	14	NA	0	0	1	14	inf	14
701	14	NA	0	0	1	14	inf	14
702	14	NA	0	0	1	14	inf	14
703	14	NA	0	0	1	14	inf	14
704	14	NA	0	0	1	14	inf	14
705	14	NA	0	0	1	14	inf	14
706	14	NA	0	0	1	14	inf	14
707	14	NA	0	0	1	14	inf	14
708	14	NA	0	0	1	14	inf	14
709	NA	0.5	3	0	1	0	0.5	15
710	NA	0.5	3	0	1	0	0.5	15
711	3	5	3	0	1	3	5	15
712	14	NA	0	0	1	14	inf	15
713	14	NA	0	0	1	14	inf	15
714	14	NA	0	0	1	14	inf	15
715	14	NA	0	0	1	14	inf	15
716	14	NA	0	0	1	14	inf	15
717	14	NA	0	0	1	14	inf	15
718	14	NA	0	0	1	14	inf	15
719	14	NA	0	0	1	14	inf	15
720	14	NA	0	0	1	14	inf	15
721	14	NA	0	0	1	14	inf	15
722	14	NA	0	0	1	14	inf	15
723	14	NA	0	0	1	14	inf	15
724	14	NA	0	0	1	14	inf	15
725	14	NA	0	0	1	14	inf	15
726	14	NA	0	0	1	14	inf	15
727	14	NA	0	0	1	14	inf	15
728	14	NA	0	0	1	14	inf	15
729	14	NA	0	0	1	14	inf	15
730	14	NA	0	0	1	14	inf	15
731	14	NA	0	0	1	14	inf	15
732	14	NA	0	0	1	14	inf	15
733	14	NA	0	0	1	14	inf	15
734	14	NA	0	0	1	14	inf	15
735	14	NA	0	0	1	14	inf	15
736	14	NA	0	0	1	14	inf	15
737	14	NA	0	0	1	14	inf	15
738	14	NA	0	0	1	14	inf	15
739	14	NA	0	0	1	14	inf	15
740	14	NA	0	0	1	14	inf	15
741	14	NA	0	0	1	14	inf	15
742	14	NA	0	0	1	14	inf	15
743	14	NA	0	0	1	14	inf	15
744	14	NA	0	0	1	14	inf	15
745	14	NA	0	0	1	14	inf	15
746	14	NA	0	0	1	14	inf	15
747	14	NA	0	0	1	14	inf	15
748	14	NA	0	0	1	14	inf	15
749	14	NA	0	0	1	14	inf	15
750	14	NA	0	0	1	14	inf	15
751	14	NA	0	0	1	14	inf	15
752	14	NA	0	0	1	14	inf	15
753	14	NA	0	0	1	14	inf	15
754	14	NA	0	0	1	14	inf	15
755	14	NA	0	0	1	14	inf	15
756	14	NA	0	0	1	14	inf	15
757	14	NA	0	0	1	14	inf	15
758	14	NA	0	0	1	14	inf	15
759	NA	0.5	3	0	1	0	0.5	16
760	NA	0.5	3	0	1	0	0.5	16
761	0.5	1	3	0	1	0.5	1	16
762	0.5	1	3	0	1	0.5	1	16
763	0.5	1	3	0	1	0.5	1	16
764	2	3	3	0	1	2	3	16
765	2	3	3	0	1	2	3	16
766	3	5	3	0	1	3	5	16
767	5	7	3	0	1	5	7	16
768	5	7	3	0	1	5	7	16
769	5	7	3	0	1	5	7	16
770	5	7	3	0	1	5	7	16
771	7	14	3	0	1	7	14	16
772	7	14	3	0	1	7	14	16
773	14	NA	0	0	1	14	inf	16
774	14	NA	0	0	1	14	inf	16
775	14	NA	0	0	1	14	inf	16
776	14	NA	0	0	1	14	inf	16
777	14	NA	0	0	1	14	inf	16
778	14	NA	0	0	1	14	inf	16
779	14	NA	0	0	1	14	inf	16
780	14	NA	0	0	1	14	inf	16
781	14	NA	0	0	1	14	inf	16
782	14	NA	0	0	1	14	inf	16
783	14	NA	0	0	1	14	inf	16
784	14	NA	0	0	1	14	inf	16
785	14	NA	0	0	1	14	inf	16
786	14	NA	0	0	1	14	inf	16
787	14	NA	0	0	1	14	inf	16
788	14	NA	0	0	1	14	inf	16
789	14	NA	0	0	1	14	inf	16
790	14	NA	0	0	1	14	inf	16
791	14	NA	0	0	1	14	inf	16
792	14	NA	0	0	1	14	inf	16
793	14	NA	0	0	1	14	inf	16
794	14	NA	0	0	1	14	inf	16
795	14	NA	0	0	1	14	inf	16
796	14	NA	0	0	1	14	inf	16
797	14	NA	0	0	1	14	inf	16
798	14	NA	0	0	1	14	inf	16
799	14	NA	0	0	1	14	inf	16
800	14	NA	0	0	1	14	inf	16
801	14	NA	0	0	1	14	inf	16
802	14	NA	0	0	1	14	inf	16
803	14	NA	0	0	1	14	inf	16
804	14	NA	0	0	1	14	inf	16
805	14	NA	0	0	1	14	inf	16
806	14	NA	0	0	1	14	inf	16
807	14	NA	0	0	1	14	inf	16
808	14	NA	0	0	1	14	inf	16
809	3	NA	0	0	1	3	inf	17
810	5	7	3	0	1	5	7	17
811	5	7	3	0	1	5	7	17
812	7	NA	0	0	1	7	inf	17
813	7	14	3	0	1	7	14	17
814	14	NA	0	0	1	14	inf	17
815	14	NA	0	0	1	14	inf	17
816	14	NA	0	0	1	14	inf	17
817	14	NA	0	0	1	14	inf	17
818	14	NA	0	0	1	14	inf	17
819	14	NA	0	0	1	14	inf	17
820	14	NA	0	0	1	14	inf	17
821	14	NA	0	0	1	14	inf	17
822	14	NA	0	0	1	14	inf	17
823	14	NA	0	0	1	14	inf	17
824	14	NA	0	0	1	14	inf	17
825	14	NA	0	0	1	14	inf	17
826	14	NA	0	0	1	14	inf	17
827	14	NA	0	0	1	14	inf	17
828	14	NA	0	0	1	14	inf	17
829	14	NA	0	0	1	14	inf	17
830	14	NA	0	0	1	14	inf	17
831	14	NA	0	0	1	14	inf	17
832	14	NA	0	0	1	14	inf	17
833	14	NA	0	0	1	14	inf	17
834	14	NA	0	0	1	14	inf	17
835	14	NA	0	0	1	14	inf	17
836	14	NA	0	0	1	14	inf	17
837	14	NA	0	0	1	14	inf	17
838	14	NA	0	0	1	14	inf	17
839	14	NA	0	0	1	14	inf	17
840	14	NA	0	0	1	14	inf	17
841	14	NA	0	0	1	14	inf	17
842	14	NA	0	0	1	14	inf	17
843	14	NA	0	0	1	14	inf	17
844	14	NA	0	0	1	14	inf	17
845	14	NA	0	0	1	14	inf	17
846	14	NA	0	0	1	14	inf	17
847	14	NA	0	0	1	14	inf	17
848	14	NA	0	0	1	14	inf	17
849	14	NA	0	0	1	14	inf	17
850	14	NA	0	0	1	14	inf	17
851	14	NA	0	0	1	14	inf	17
852	14	NA	0	0	1	14	inf	17
853	14	NA	0	0	1	14	inf	17
854	14	NA	0	0	1	14	inf	17
855	14	NA	0	0	1	14	inf	17
856	14	NA	0	0	1	14	inf	17
857	14	NA	0	0	1	14	inf	17
858	14	NA	0	0	1	14	inf	17
859	NA	0.5	3	0	1	0	0.5	18
860	0.5	1	3	0	1	0.5	1	18
861	1	2	3	0	1	1	2	18
862	1	2	3	0	1	1	2	18
863	1	2	3	0	1	1	2	18
864	14	NA	0	0	1	14	inf	18
865	14	NA	0	0	1	14	inf	18
866	14	NA	0	0	1	14	inf	18
867	14	NA	0	0	1	14	inf	18
868	14	NA	0	0	1	14	inf	18
869	14	NA	0	0	1	14	inf	18
870	14	NA	0	0	1	14	inf	18
871	14	NA	0	0	1	14	inf	18
872	14	NA	0	0	1	14	inf	18
873	14	NA	0	0	1	14	inf	18
874	14	NA	0	0	1	14	inf	18
875	14	NA	0	0	1	14	inf	18
876	14	NA	0	0	1	14	inf	18
877	14	NA	0	0	1	14	inf	18
878	14	NA	0	0	1	14	inf	18
879	14	NA	0	0	1	14	inf	18
880	14	NA	0	0	1	14	inf	18
881	14	NA	0	0	1	14	inf	18
882	14	NA	0	0	1	14	inf	18
883	14	NA	0	0	1	14	inf	18
884	14	NA	0	0	1	14	inf	18
885	14	NA	0	0	1	14	inf	18
886	14	NA	0	0	1	14	inf	18
887	14	NA	0	0	1	14	inf	18
888	14	NA	0	0	1	14	inf	18
889	14	NA	0	0	1	14	inf	18
890	14	NA	0	0	1	14	inf	18
891	14	NA	0	0	1	14	inf	18
892	14	NA	0	0	1	14	inf	18
893	14	NA	0	0	1	14	inf	18
894	14	NA	0	0	1	14	inf	18
895	14	NA	0	0	1	14	inf	18
896	14	NA	0	0	1	14	inf	18
897	14	NA	0	0	1	14	inf	18
898	14	NA	0	0	1	14	inf	18
899	14	NA	0	0	1	14	inf	18
900	14	NA	0	0	1	14	inf	18
901	14	NA	0	0	1	14	inf	18
902	14	NA	0	0	1	14	inf	18
903	14	NA	0	0	1	14	inf	18
904	14	NA	0	0	1	14	inf	18
905	14	NA	0	0	1	14	inf	18
906	14	NA	0	0	1	14	inf	18
907	14	NA	0	0	1	14	inf	18
908	14	NA	0	0	1	14	inf	18
909	NA	0.5	3	1	1	0	0.5	19
910	NA	0.5	3	1	1	0	0.5	19
911	NA	0.5	3	1	1	0	0.5	19
912	NA	0.5	3	1	1	0	0.5	19
913	NA	0.5	3	1	1	0	0.5	19
914	0.5	1	3	1	1	0.5	1	19
915	0.5	1	3	1	1	0.5	1	19
916	0.5	1	3	1	1	0.5	1	19
917	0.5	1	3	1	1	0.5	1	19
918	1	2	3	1	1	1	2	19
919	1	2	3	1	1	1	2	19
920	2	3	3	1	1	2	3	19
921	2	3	3	1	1	2	3	19
922	2	3	3	1	1	2	3	19
923	2	3	3	1	1	2	3	19
924	2	3	3	1	1	2	3	19
925	3	5	3	1	1	3	5	19
926	5	7	3	1	1	5	7	19
927	5	7	3	1	1	5	7	19
928	5	7	3	1	1	5	7	19
929	7	14	3	1	1	7	14	19
930	7	14	3	1	1	7	14	19
931	7	14	3	1	1	7	14	19
932	7	14	3	1	1	7	14	19
933	7	14	3	1	1	7	14	19
934	14	NA	0	1	1	14	inf	19
935	14	NA	0	1	1	14	inf	19
936	14	NA	0	1	1	14	inf	19
937	14	NA	0	1	1	14	inf	19
938	14	NA	0	1	1	14	inf	19
939	14	NA	0	1	1	14	inf	19
940	14	NA	0	1	1	14	inf	19
941	14	NA	0	1	1	14	inf	19
942	14	NA	0	1	1	14	inf	19
943	14	NA	0	1	1	14	inf	19
944	14	NA	0	1	1	14	inf	19
945	14	NA	0	1	1	14	inf	19
946	14	NA	0	1	1	14	inf	19
947	14	NA	0	1	1	14	inf	19
948	14	NA	0	1	1	14	inf	19
949	14	NA	0	1	1	14	inf	19
950	14	NA	0	1	1	14	inf	19
951	14	NA	0	1	1	14	inf	19
952	14	NA	0	1	1	14	inf	19
953	14	NA	0	1	1	14	inf	19
954	14	NA	0	1	1	14	inf	19
955	14	NA	0	1	1	14	inf	19
956	14	NA	0	1	1	14	inf	19
957	14	NA	0	1	1	14	inf	19
958	14	NA	0	1	1	14	inf	19
959	1	2	3	1	1	1	2	20
960	1	2	3	1	1	1	2	20
961	1	2	3	1	1	1	2	20
962	1	2	3	1	1	1	2	20
963	3	5	3	1	1	3	5	20
964	14	NA	0	1	1	14	inf	20
965	14	NA	0	1	1	14	inf	20
966	14	NA	0	1	1	14	inf	20
967	14	NA	0	1	1	14	inf	20
968	14	NA	0	1	1	14	inf	20
969	14	NA	0	1	1	14	inf	20
970	14	NA	0	1	1	14	inf	20
971	14	NA	0	1	1	14	inf	20
972	14	NA	0	1	1	14	inf	20
973	14	NA	0	1	1	14	inf	20
974	14	NA	0	1	1	14	inf	20
975	14	NA	0	1	1	14	inf	20
976	14	NA	0	1	1	14	inf	20
977	14	NA	0	1	1	14	inf	20
978	14	NA	0	1	1	14	inf	20
979	14	NA	0	1	1	14	inf	20
980	14	NA	0	1	1	14	inf	20
981	14	NA	0	1	1	14	inf	20
982	14	NA	0	1	1	14	inf	20
983	14	NA	0	1	1	14	inf	20
984	14	NA	0	1	1	14	inf	20
985	14	NA	0	1	1	14	inf	20
986	14	NA	0	1	1	14	inf	20
987	14	NA	0	1	1	14	inf	20
988	14	NA	0	1	1	14	inf	20
989	14	NA	0	1	1	14	inf	20
990	14	NA	0	1	1	14	inf	20
991	14	NA	0	1	1	14	inf	20
992	14	NA	0	1	1	14	inf	20
993	14	NA	0	1	1	14	inf	20
994	14	NA	0	1	1	14	inf	20
995	14	NA	0	1	1	14	inf	20
996	14	NA	0	1	1	14	inf	20
997	14	NA	0	1	1	14	inf	20
998	14	NA	0	1	1	14	inf	20
999	14	NA	0	1	1	14	inf	20
1000	14	NA	0	1	1	14	inf	20
1001	14	NA	0	1	1	14	inf	20
1002	14	NA	0	1	1	14	inf	20
1003	14	NA	0	1	1	14	inf	20
1004	14	NA	0	1	1	14	inf	20
1005	14	NA	0	1	1	14	inf	20
1006	14	NA	0	1	1	14	inf	20
1007	14	NA	0	1	1	14	inf	20
1008	14	NA	0	1	1	14	inf	20
1009	14	NA	0	1	1	14	inf	20
1010	14	NA	0	1	1	14	inf	20
1011	14	NA	0	1	1	14	inf	20
1012	14	NA	0	1	1	14	inf	20
1013	14	NA	0	1	1	14	inf	20
1014	0.5	1	3	1	1	0.5	1	21
1015	1	2	3	1	1	1	2	21
1016	1	2	3	1	1	1	2	21
1017	1	2	3	1	1	1	2	21
1018	1	2	3	1	1	1	2	21
1019	2	NA	0	1	1	2	inf	21
1020	5	7	3	1	1	5	7	21
1021	5	7	3	1	1	5	7	21
1022	5	7	3	1	1	5	7	21
1023	7	14	3	1	1	7	14	21
1024	7	14	3	1	1	7	14	21
1025	7	14	3	1	1	7	14	21
1026	7	14	3	1	1	7	14	21
1027	14	NA	0	1	1	14	inf	21
1028	14	NA	0	1	1	14	inf	21
1029	14	NA	0	1	1	14	inf	21
1030	14	NA	0	1	1	14	inf	21
1031	14	NA	0	1	1	14	inf	21
1032	14	NA	0	1	1	14	inf	21
1033	14	NA	0	1	1	14	inf	21
1034	14	NA	0	1	1	14	inf	21
1035	14	NA	0	1	1	14	inf	21
1036	14	NA	0	1	1	14	inf	21
1037	14	NA	0	1	1	14	inf	21
1038	14	NA	0	1	1	14	inf	21
1039	14	NA	0	1	1	14	inf	21
1040	14	NA	0	1	1	14	inf	21
1041	14	NA	0	1	1	14	inf	21
1042	14	NA	0	1	1	14	inf	21
1043	14	NA	0	1	1	14	inf	21
1044	14	NA	0	1	1	14	inf	21
1045	14	NA	0	1	1	14	inf	21
1046	14	NA	0	1	1	14	inf	21
1047	14	NA	0	1	1	14	inf	21
1048	14	NA	0	1	1	14	inf	21
1049	14	NA	0	1	1	14	inf	21
1050	14	NA	0	1	1	14	inf	21
1051	14	NA	0	1	1	14	inf	21
1052	14	NA	0	1	1	14	inf	21
1053	14	NA	0	1	1	14	inf	21
1054	14	NA	0	1	1	14	inf	21
1055	14	NA	0	1	1	14	inf	21
1056	14	NA	0	1	1	14	inf	21
1057	14	NA	0	1	1	14	inf	21
1058	14	NA	0	1	1	14	inf	21
1059	14	NA	0	1	1	14	inf	21
1060	14	NA	0	1	1	14	inf	21
1061	14	NA	0	1	1	14	inf	21
1062	14	NA	0	1	1	14	inf	21
1063	14	NA	0	1	1	14	inf	21
1064	14	NA	0	1	1	14	inf	21
1065	NA	0.5	3	1	1	0	0.5	22
1066	NA	0.5	3	1	1	0	0.5	22
1067	0.5	1	3	1	1	0.5	1	22
1068	0.5	1	3	1	1	0.5	1	22
1069	0.5	1	3	1	1	0.5	1	22
1070	1	2	3	1	1	1	2	22
1071	1	2	3	1	1	1	2	22
1072	2	3	3	1	1	2	3	22
1073	3	5	3	1	1	3	5	22
1074	3	5	3	1	1	3	5	22
1075	3	5	3	1	1	3	5	22
1076	3	5	3	1	1	3	5	22
1077	3	5	3	1	1	3	5	22
1078	5	7	3	1	1	5	7	22
1079	5	7	3	1	1	5	7	22
1080	5	7	3	1	1	5	7	22
1081	5	7	3	1	1	5	7	22
1082	7	14	3	1	1	7	14	22
1083	14	NA	0	1	1	14	inf	22
1084	14	NA	0	1	1	14	inf	22
1085	14	NA	0	1	1	14	inf	22
1086	14	NA	0	1	1	14	inf	22
1087	14	NA	0	1	1	14	inf	22
1088	14	NA	0	1	1	14	inf	22
1089	14	NA	0	1	1	14	inf	22
1090	14	NA	0	1	1	14	inf	22
1091	14	NA	0	1	1	14	inf	22
1092	14	NA	0	1	1	14	inf	22
1093	14	NA	0	1	1	14	inf	22
1094	14	NA	0	1	1	14	inf	22
1095	14	NA	0	1	1	14	inf	22
1096	14	NA	0	1	1	14	inf	22
1097	14	NA	0	1	1	14	inf	22
1098	14	NA	0	1	1	14	inf	22
1099	14	NA	0	1	1	14	inf	22
1100	14	NA	0	1	1	14	inf	22
1101	14	NA	0	1	1	14	inf	22
1102	14	NA	0	1	1	14	inf	22
1103	14	NA	0	1	1	14	inf	22
1104	14	NA	0	1	1	14	inf	22
1105	14	NA	0	1	1	14	inf	22
1106	14	NA	0	1	1	14	inf	22
1107	14	NA	0	1	1	14	inf	22
1108	14	NA	0	1	1	14	inf	22
1109	14	NA	0	1	1	14	inf	22
1110	14	NA	0	1	1	14	inf	22
1111	14	NA	0	1	1	14	inf	22
1112	14	NA	0	1	1	14	inf	22
1113	14	NA	0	1	1	14	inf	22
1114	14	NA	0	1	1	14	inf	22
1115	1	2	3	1	1	1	2	23
1116	1	2	3	1	1	1	2	23
1117	2	3	3	1	1	2	3	23
1118	2	3	3	1	1	2	3	23
1119	3	5	3	1	1	3	5	23
1120	5	7	3	1	1	5	7	23
1121	5	7	3	1	1	5	7	23
1122	14	NA	0	1	1	14	inf	23
1123	14	NA	0	1	1	14	inf	23
1124	14	NA	0	1	1	14	inf	23
1125	14	NA	0	1	1	14	inf	23
1126	14	NA	0	1	1	14	inf	23
1127	14	NA	0	1	1	14	inf	23
1128	14	NA	0	1	1	14	inf	23
1129	14	NA	0	1	1	14	inf	23
1130	14	NA	0	1	1	14	inf	23
1131	14	NA	0	1	1	14	inf	23
1132	14	NA	0	1	1	14	inf	23
1133	14	NA	0	1	1	14	inf	23
1134	14	NA	0	1	1	14	inf	23
1135	14	NA	0	1	1	14	inf	23
1136	14	NA	0	1	1	14	inf	23
1137	14	NA	0	1	1	14	inf	23
1138	14	NA	0	1	1	14	inf	23
1139	14	NA	0	1	1	14	inf	23
1140	14	NA	0	1	1	14	inf	23
1141	14	NA	0	1	1	14	inf	23
1142	14	NA	0	1	1	14	inf	23
1143	14	NA	0	1	1	14	inf	23
1144	14	NA	0	1	1	14	inf	23
1145	14	NA	0	1	1	14	inf	23
1146	14	NA	0	1	1	14	inf	23
1147	14	NA	0	1	1	14	inf	23
1148	14	NA	0	1	1	14	inf	23
1149	14	NA	0	1	1	14	inf	23
1150	14	NA	0	1	1	14	inf	23
1151	14	NA	0	1	1	14	inf	23
1152	14	NA	0	1	1	14	inf	23
1153	14	NA	0	1	1	14	inf	23
1154	14	NA	0	1	1	14	inf	23
1155	14	NA	0	1	1	14	inf	23
1156	14	NA	0	1	1	14	inf	23
1157	14	NA	0	1	1	14	inf	23
1158	14	NA	0	1	1	14	inf	23
1159	14	NA	0	1	1	14	inf	23
1160	14	NA	0	1	1	14	inf	23
1161	14	NA	0	1	1	14	inf	23
1162	14	NA	0	1	1	14	inf	23
1163	14	NA	0	1	1	14	inf	23
1164	14	NA	0	1	1	14	inf	23
1165	0.5	1	3	1	1	0.5	1	24
1166	1	2	3	1	1	1	2	24
1167	1	2	3	1	1	1	2	24
1168	2	3	3	1	1	2	3	24
1169	3	5	3	1	1	3	5	24
1170	3	5	3	1	1	3	5	24
1171	5	7	3	1	1	5	7	24
1172	7	14	3	1	1	7	14	24
1173	7	14	3	1	1	7	14	24
1174	7	14	3	1	1	7	14	24
1175	7	14	3	1	1	7	14	24
1176	7	NA	0	1	1	7	inf	24
1177	14	NA	0	1	1	14	inf	24
1178	14	NA	0	1	1	14	inf	24
1179	14	NA	0	1	1	14	inf	24
1180	14	NA	0	1	1	14	inf	24
1181	14	NA	0	1	1	14	inf	24
1182	14	NA	0	1	1	14	inf	24
1183	14	NA	0	1	1	14	inf	24
1184	14	NA	0	1	1	14	inf	24
1185	14	NA	0	1	1	14	inf	24
1186	14	NA	0	1	1	14	inf	24
1187	14	NA	0	1	1	14	inf	24
1188	14	NA	0	1	1	14	inf	24
1189	14	NA	0	1	1	14	inf	24
1190	14	NA	0	1	1	14	inf	24
1191	14	NA	0	1	1	14	inf	24
1192	14	NA	0	1	1	14	inf	24
1193	14	NA	0	1	1	14	inf	24
1194	14	NA	0	1	1	14	inf	24
1195	14	NA	0	1	1	14	inf	24
1196	14	NA	0	1	1	14	inf	24
1197	14	NA	0	1	1	14	inf	24
1198	14	NA	0	1	1	14	inf	24
1199	14	NA	0	1	1	14	inf	24
1200	14	NA	0	1	1	14	inf	24
1201	14	NA	0	1	1	14	inf	24
1202	14	NA	0	1	1	14	inf	24
1203	14	NA	0	1	1	14	inf	24
1204	14	NA	0	1	1	14	inf	24
1205	14	NA	0	1	1	14	inf	24
1206	14	NA	0	1	1	14	inf	24
1207	14	NA	0	1	1	14	inf	24
1208	14	NA	0	1	1	14	inf	24
1209	14	NA	0	1	1	14	inf	24
1210	14	NA	0	1	1	14	inf	24
1211	14	NA	0	1	1	14	inf	24
1212	14	NA	0	1	1	14	inf	24
1213	14	NA	0	1	1	14	inf	24
1214	14	NA	0	1	1	14	inf	24
1215	14	NA	0	1	1	14	inf	24
1216	14	NA	0	1	1	14	inf	24
